0.000 0.000
0.001 0.309
0.002 0.588
0.003 0.809
0.004 0.951
0.005 1.000
0.006 0.951
0.007 0.809
0.008 0.588
0.009 0.309
0.010 0.000
0.011 -0.309
0.012 -0.588
0.013 -0.809
0.014 -0.951
0.015 -1.000
0.016 -0.951
0.017 -0.809
0.018 -0.588
0.019 -0.309
0.020 0.000
0.021 0.309
0.022 0.588
0.023 0.809
0.024 0.951
0.025 1.000
0.026 0.951
0.027 0.809
0.028 0.588
0.029 0.309
0.030 0.000
0.031 -0.309
0.032 -0.588
0.033 -0.809
0.034 -0.951
0.035 -1.000
0.036 -0.951
0.037 -0.809
0.038 -0.588
0.039 -0.309
0.040 0.000
0.000 0.000
0.001 0.309
0.002 0.588
0.003 0.809
0.004 0.951
0.005 1.000
0.006 0.951
0.007 0.809
0.008 0.588
0.009 0.309
0.010 0.000
0.011 -0.309
0.012 -0.588
0.013 -0.809
0.014 -0.951
0.015 -1.000
0.016 -0.951
0.017 -0.809
0.018 -0.588
0.019 -0.309
0.020 0.000
0.021 0.309
0.022 0.588
0.023 0.809
0.024 0.951
0.025 1.000
0.026 0.951
0.027 0.809
0.028 0.588
0.029 0.309
0.030 0.000
0.031 -0.309
0.032 -0.588
0.033 -0.809
0.034 -0.951
0.035 -1.000
0.036 -0.951
0.037 -0.809
0.038 -0.588
0.039 -0.309
0.040 0.000
0.000 0.000
0.001 0.309
0.002 0.588
0.003 0.809
0.004 0.951
0.005 1.000
0.006 0.951
0.007 0.809
0.008 0.588
0.009 0.309
0.010 0.000
0.011 -0.309
0.012 -0.588
0.013 -0.809
0.014 -0.951
0.015 -1.000
0.016 -0.951
0.017 -0.809
0.018 -0.588
0.019 -0.309
0.020 0.000
0.021 0.309
0.022 0.588
0.023 0.809
0.024 0.951
0.025 1.000
0.026 0.951
0.027 0.809
0.028 0.588
0.029 0.309
0.030 0.000
0.031 -0.309
0.032 -0.588
0.033 -0.809
0.034 -0.951
0.035 -1.000
0.036 -0.951
0.037 -0.809
0.038 -0.588
0.039 -0.309
0.040 0.000
0.000 0.000
0.001 0.309
0.002 0.588
0.003 0.809
0.004 0.951
0.005 1.000
0.006 0.951
0.007 0.809
0.008 0.588
0.009 0.309
0.010 0.000
0.011 -0.309
0.012 -0.588
0.013 -0.809
0.014 -0.951
0.015 -1.000
0.016 -0.951
0.017 -0.809
0.018 -0.588
0.019 -0.309
0.020 0.000
0.021 0.309
0.022 0.588
0.023 0.809
0.024 0.951
0.025 1.000
0.026 0.951
0.027 0.809
0.028 0.588
0.029 0.309
0.030 0.000
0.031 -0.309
0.032 -0.588
0.033 -0.809
0.034 -0.951
0.035 -1.000
0.036 -0.951
0.037 -0.809
0.038 -0.588
0.039 -0.309
0.040 0.000
0.000 0.000
0.001 0.309
0.002 0.588
0.003 0.809
0.004 0.951
0.005 1.000
0.006 0.951
0.007 0.809
0.008 0.588
0.009 0.309
0.010 0.000
0.011 -0.309
0.012 -0.588
0.013 -0.809
0.014 -0.951
0.015 -1.000
0.016 -0.951
0.017 -0.809
0.018 -0.588
0.019 -0.309
0.020 0.000
0.021 0.309
0.022 0.588
0.023 0.809
0.024 0.951
0.025 1.000
0.026 0.951
0.027 0.809
0.028 0.588
0.029 0.309
0.030 0.000
0.031 -0.309
0.032 -0.588
0.033 -0.809
0.034 -0.951
0.035 -1.000
0.036 -0.951
0.037 -0.809
0.038 -0.588
0.039 -0.309
0.040 0.000
0.000 0.000
0.001 0.309
0.002 0.588
0.003 0.809
0.004 0.951
0.005 1.000
0.006 0.951
0.007 0.809
0.008 0.588
0.009 0.309
0.010 0.000
0.011 -0.309
0.012 -0.588
0.013 -0.809
0.014 -0.951
0.015 -1.000
0.016 -0.951
0.017 -0.809
0.018 -0.588
0.019 -0.309
0.020 0.000
0.021 0.309
0.022 0.588
0.023 0.809
0.024 0.951
0.025 1.000
0.026 0.951
0.027 0.809
0.028 0.588
0.029 0.309
0.030 0.000
0.031 -0.309
0.032 -0.588
0.033 -0.809
0.034 -0.951
0.035 -1.000
0.036 -0.951
0.037 -0.809
0.038 -0.588
0.039 -0.309
0.040 0.000
0.000 0.000
0.001 0.309
0.002 0.588
0.003 0.809
0.004 0.951
0.005 1.000
0.006 0.951
0.007 0.809
0.008 0.588
0.009 0.309
0.010 0.000
0.011 -0.309
0.012 -0.588
0.013 -0.809
0.014 -0.951
0.015 -1.000
0.016 -0.951
0.017 -0.809
0.018 -0.588
0.019 -0.309
0.020 0.000
0.021 0.309
0.022 0.588
0.023 0.809
0.024 0.951
0.025 1.000
0.026 0.951
0.027 0.809
0.028 0.588
0.029 0.309
0.030 0.000
0.031 -0.309
0.032 -0.588
0.033 -0.809
0.034 -0.951
0.035 -1.000
0.036 -0.951
0.037 -0.809
0.038 -0.588
0.039 -0.309
0.040 0.000
0.000 0.000
0.001 0.309
0.002 0.588
0.003 0.809
0.004 0.951
0.005 1.000
0.006 0.951
0.007 0.809
0.008 0.588
0.009 0.309
0.010 0.000
0.011 -0.309
0.012 -0.588
0.013 -0.809
0.014 -0.951
0.015 -1.000
0.016 -0.951
0.017 -0.809
0.018 -0.588
0.019 -0.309
0.020 0.000
0.021 0.309
0.022 0.588
0.023 0.809
0.024 0.951
0.025 1.000
0.026 0.951
0.027 0.809
0.028 0.588
0.029 0.309
0.030 0.000
0.031 -0.309
0.032 -0.588
0.033 -0.809
0.034 -0.951
0.035 -1.000
0.036 -0.951
0.037 -0.809
0.038 -0.588
0.039 -0.309
0.040 0.000
0.000 0.000
0.001 0.309
0.002 0.588
0.003 0.809
0.004 0.951
0.005 1.000
0.006 0.951
0.007 0.809
0.008 0.588
0.009 0.309
0.010 0.000
0.011 -0.309
0.012 -0.588
0.013 -0.809
0.014 -0.951
0.015 -1.000
0.016 -0.951
0.017 -0.809
0.018 -0.588
0.019 -0.309
0.020 0.000
0.021 0.309
0.022 0.588
0.023 0.809
0.024 0.951
0.025 1.000
0.026 0.951
0.027 0.809
0.028 0.588
0.029 0.309
0.030 0.000
0.031 -0.309
0.032 -0.588
0.033 -0.809
0.034 -0.951
0.035 -1.000
0.036 -0.951
0.037 -0.809
0.038 -0.588
0.039 -0.309
0.040 0.0000.000 0.000
0.001 0.309
0.002 0.588
0.003 0.809
0.004 0.951
0.005 1.000
0.006 0.951
0.007 0.809
0.008 0.588
0.009 0.309
0.010 0.000
0.011 -0.309
0.012 -0.588
0.013 -0.809
0.014 -0.951
0.015 -1.000
0.016 -0.951
0.017 -0.809
0.018 -0.588
0.019 -0.309
0.020 0.000
0.021 0.309
0.022 0.588
0.023 0.809
0.024 0.951
0.025 1.000
0.026 0.951
0.027 0.809
0.028 0.588
0.029 0.309
0.030 0.000
0.031 -0.309
0.032 -0.588
0.033 -0.809
0.034 -0.951
0.035 -1.000
0.036 -0.951
0.037 -0.809
0.038 -0.588
0.039 -0.309
0.040 0.000
0.000 0.000
0.001 0.309
0.002 0.588
0.003 0.809
0.004 0.951
0.005 1.000
0.006 0.951
0.007 0.809
0.008 0.588
0.009 0.309
0.010 0.000
0.011 -0.309
0.012 -0.588
0.013 -0.809
0.014 -0.951
0.015 -1.000
0.016 -0.951
0.017 -0.809
0.018 -0.588
0.019 -0.309
0.020 0.000
0.021 0.309
0.022 0.588
0.023 0.809
0.024 0.951
0.025 1.000
0.026 0.951
0.027 0.809
0.028 0.588
0.029 0.309
0.030 0.000
0.031 -0.309
0.032 -0.588
0.033 -0.809
0.034 -0.951
0.035 -1.000
0.036 -0.951
0.037 -0.809
0.038 -0.588
0.039 -0.309
0.040 0.000
0.000 0.000
0.001 0.309
0.002 0.588
0.003 0.809
0.004 0.951
0.005 1.000
0.006 0.951
0.007 0.809
0.008 0.588
0.009 0.309
0.010 0.000
0.011 -0.309
0.012 -0.588
0.013 -0.809
0.014 -0.951
0.015 -1.000
0.016 -0.951
0.017 -0.809
0.018 -0.588
0.019 -0.309
0.020 0.000
0.021 0.309
0.022 0.588
0.023 0.809
0.024 0.951
0.025 1.000
0.026 0.951
0.027 0.809
0.028 0.588
0.029 0.309
0.030 0.000
0.031 -0.309
0.032 -0.588
0.033 -0.809
0.034 -0.951
0.035 -1.000
0.036 -0.951
0.037 -0.809
0.038 -0.588
0.039 -0.309
0.040 0.000
0.000 0.000
0.001 0.309
0.002 0.588
0.003 0.809
0.004 0.951
0.005 1.000
0.006 0.951
0.007 0.809
0.008 0.588
0.009 0.309
0.010 0.000
0.011 -0.309
0.012 -0.588
0.013 -0.809
0.014 -0.951
0.015 -1.000
0.016 -0.951
0.017 -0.809
0.018 -0.588
0.019 -0.309
0.020 0.000
0.021 0.309
0.022 0.588
0.023 0.809
0.024 0.951
0.025 1.000
0.026 0.951
0.027 0.809
0.028 0.588
0.029 0.309
0.030 0.000
0.031 -0.309
0.032 -0.588
0.033 -0.809
0.034 -0.951
0.035 -1.000
0.036 -0.951
0.037 -0.809
0.038 -0.588
0.039 -0.309
0.040 0.000
0.000 0.000
0.001 0.309
0.002 0.588
0.003 0.809
0.004 0.951
0.005 1.000
0.006 0.951
0.007 0.809
0.008 0.588
0.009 0.309
0.010 0.000
0.011 -0.309
0.012 -0.588
0.013 -0.809
0.014 -0.951
0.015 -1.000
0.016 -0.951
0.017 -0.809
0.018 -0.588
0.019 -0.309
0.020 0.000
0.021 0.309
0.022 0.588
0.023 0.809
0.024 0.951
0.025 1.000
0.026 0.951
0.027 0.809
0.028 0.588
0.029 0.309
0.030 0.000
0.031 -0.309
0.032 -0.588
0.033 -0.809
0.034 -0.951
0.035 -1.000
0.036 -0.951
0.037 -0.809
0.038 -0.588
0.039 -0.309
0.040 0.000
0.000 0.000
0.001 0.309
0.002 0.588
0.003 0.809
0.004 0.951
0.005 1.000
0.006 0.951
0.007 0.809
0.008 0.588
0.009 0.309
0.010 0.000
0.011 -0.309
0.012 -0.588
0.013 -0.809
0.014 -0.951
0.015 -1.000
0.016 -0.951
0.017 -0.809
0.018 -0.588
0.019 -0.309
0.020 0.000
0.021 0.309
0.022 0.588
0.023 0.809
0.024 0.951
0.025 1.000
0.026 0.951
0.027 0.809
0.028 0.588
0.029 0.309
0.030 0.000
0.031 -0.309
0.032 -0.588
0.033 -0.809
0.034 -0.951
0.035 -1.000
0.036 -0.951
0.037 -0.809
0.038 -0.588
0.039 -0.309
0.040 0.000
0.000 0.000
0.001 0.309
0.002 0.588
0.003 0.809
0.004 0.951
0.005 1.000
0.006 0.951
0.007 0.809
0.008 0.588
0.009 0.309
0.010 0.000
0.011 -0.309
0.012 -0.588
0.013 -0.809
0.014 -0.951
0.015 -1.000
0.016 -0.951
0.017 -0.809
0.018 -0.588
0.019 -0.309
0.020 0.000
0.021 0.309
0.022 0.588
0.023 0.809
0.024 0.951
0.025 1.000
0.026 0.951
0.027 0.809
0.028 0.588
0.029 0.309
0.030 0.000
0.031 -0.309
0.032 -0.588
0.033 -0.809
0.034 -0.951
0.035 -1.000
0.036 -0.951
0.037 -0.809
0.038 -0.588
0.039 -0.309
0.040 0.000
0.000 0.000
0.001 0.309
0.002 0.588
0.003 0.809
0.004 0.951
0.005 1.000
0.006 0.951
0.007 0.809
0.008 0.588
0.009 0.309
0.010 0.000
0.011 -0.309
0.012 -0.588
0.013 -0.809
0.014 -0.951
0.015 -1.000
0.016 -0.951
0.017 -0.809
0.018 -0.588
0.019 -0.309
0.020 0.000
0.021 0.309
0.022 0.588
0.023 0.809
0.024 0.951
0.025 1.000
0.026 0.951
0.027 0.809
0.028 0.588
0.029 0.309
0.030 0.000
0.031 -0.309
0.032 -0.588
0.033 -0.809
0.034 -0.951
0.035 -1.000
0.036 -0.951
0.037 -0.809
0.038 -0.588
0.039 -0.309
0.040 0.000
0.000 0.000
0.001 0.309
0.002 0.588
0.003 0.809
0.004 0.951
0.005 1.000
0.006 0.951
0.007 0.809
0.008 0.588
0.009 0.309
0.010 0.000
0.011 -0.309
0.012 -0.588
0.013 -0.809
0.014 -0.951
0.015 -1.000
0.016 -0.951
0.017 -0.809
0.018 -0.588
0.019 -0.309
0.020 0.000
0.021 0.309
0.022 0.588
0.023 0.809
0.024 0.951
0.025 1.000
0.026 0.951
0.027 0.809
0.028 0.588
0.029 0.309
0.030 0.000
0.031 -0.309
0.032 -0.588
0.033 -0.809
0.034 -0.951
0.035 -1.000
0.036 -0.951
0.037 -0.809
0.038 -0.588
0.039 -0.309
0.040 0.000
0.000 0.000
0.001 0.309
0.002 0.588
0.003 0.809
0.004 0.951
0.005 1.000
0.006 0.951
0.007 0.809
0.008 0.588
0.009 0.309
0.010 0.000
0.011 -0.309
0.012 -0.588
0.013 -0.809
0.014 -0.951
0.015 -1.000
0.016 -0.951
0.017 -0.809
0.018 -0.588
0.019 -0.309
0.020 0.000
0.021 0.309
0.022 0.588
0.023 0.809
0.024 0.951
0.025 1.000
0.026 0.951
0.027 0.809
0.028 0.588
0.029 0.309
0.030 0.000
0.031 -0.309
0.032 -0.588
0.033 -0.809
0.034 -0.951
0.035 -1.000
0.036 -0.951
0.037 -0.809
0.038 -0.588
0.039 -0.309
0.040 0.000
0.000 0.000
0.001 0.309
0.002 0.588
0.003 0.809
0.004 0.951
0.005 1.000
0.006 0.951
0.007 0.809
0.008 0.588
0.009 0.309
0.010 0.000
0.011 -0.309
0.012 -0.588
0.013 -0.809
0.014 -0.951
0.015 -1.000
0.016 -0.951
0.017 -0.809
0.018 -0.588
0.019 -0.309
0.020 0.000
0.021 0.309
0.022 0.588
0.023 0.809
0.024 0.951
0.025 1.000
0.026 0.951
0.027 0.809
0.028 0.588
0.029 0.309
0.030 0.000
0.031 -0.309
0.032 -0.588
0.033 -0.809
0.034 -0.951
0.035 -1.000
0.036 -0.951
0.037 -0.809
0.038 -0.588
0.039 -0.309
0.040 0.000
0.000 0.000
0.001 0.309
0.002 0.588
0.003 0.809
0.004 0.951
0.005 1.000
0.006 0.951
0.007 0.809
0.008 0.588
0.009 0.309
0.010 0.000
0.011 -0.309
0.012 -0.588
0.013 -0.809
0.014 -0.951
0.015 -1.000
0.016 -0.951
0.017 -0.809
0.018 -0.588
0.019 -0.309
0.020 0.000
0.021 0.309
0.022 0.588
0.023 0.809
0.024 0.951
0.025 1.000
0.026 0.951
0.027 0.809
0.028 0.588
0.029 0.309
0.030 0.000
0.031 -0.309
0.032 -0.588
0.033 -0.809
0.034 -0.951
0.035 -1.000
0.036 -0.951
0.037 -0.809
0.038 -0.588
0.039 -0.309
0.040 0.000
0.000 0.000
0.001 0.309
0.002 0.588
0.003 0.809
0.004 0.951
0.005 1.000
0.006 0.951
0.007 0.809
0.008 0.588
0.009 0.309
0.010 0.000
0.011 -0.309
0.012 -0.588
0.013 -0.809
0.014 -0.951
0.015 -1.000
0.016 -0.951
0.017 -0.809
0.018 -0.588
0.019 -0.309
0.020 0.000
0.021 0.309
0.022 0.588
0.023 0.809
0.024 0.951
0.025 1.000
0.026 0.951
0.027 0.809
0.028 0.588
0.029 0.309
0.030 0.000
0.031 -0.309
0.032 -0.588
0.033 -0.809
0.034 -0.951
0.035 -1.000
0.036 -0.951
0.037 -0.809
0.038 -0.588
0.039 -0.309
0.040 0.000
0.000 0.000
0.001 0.309
0.002 0.588
0.003 0.809
0.004 0.951
0.005 1.000
0.006 0.951
0.007 0.809
0.008 0.588
0.009 0.309
0.010 0.000
0.011 -0.309
0.012 -0.588
0.013 -0.809
0.014 -0.951
0.015 -1.000
0.016 -0.951
0.017 -0.809
0.018 -0.588
0.019 -0.309
0.020 0.000
0.021 0.309
0.022 0.588
0.023 0.809
0.024 0.951
0.025 1.000
0.026 0.951
0.027 0.809
0.028 0.588
0.029 0.309
0.030 0.000
0.031 -0.309
0.032 -0.588
0.033 -0.809
0.034 -0.951
0.035 -1.000
0.036 -0.951
0.037 -0.809
0.038 -0.588
0.039 -0.309
0.040 0.000
0.000 0.000
0.001 0.309
0.002 0.588
0.003 0.809
0.004 0.951
0.005 1.000
0.006 0.951
0.007 0.809
0.008 0.588
0.009 0.309
0.010 0.000
0.011 -0.309
0.012 -0.588
0.013 -0.809
0.014 -0.951
0.015 -1.000
0.016 -0.951
0.017 -0.809
0.018 -0.588
0.019 -0.309
0.020 0.000
0.021 0.309
0.022 0.588
0.023 0.809
0.024 0.951
0.025 1.000
0.026 0.951
0.027 0.809
0.028 0.588
0.029 0.309
0.030 0.000
0.031 -0.309
0.032 -0.588
0.033 -0.809
0.034 -0.951
0.035 -1.000
0.036 -0.951
0.037 -0.809
0.038 -0.588
0.039 -0.309
0.040 0.000
0.000 0.000
0.001 0.309
0.002 0.588
0.003 0.809
0.004 0.951
0.005 1.000
0.006 0.951
0.007 0.809
0.008 0.588
0.009 0.309
0.010 0.000
0.011 -0.309
0.012 -0.588
0.013 -0.809
0.014 -0.951
0.015 -1.000
0.016 -0.951
0.017 -0.809
0.018 -0.588
0.019 -0.309
0.020 0.000
0.021 0.309
0.022 0.588
0.023 0.809
0.024 0.951
0.025 1.000
0.026 0.951
0.027 0.809
0.028 0.588
0.029 0.309
0.030 0.000
0.031 -0.309
0.032 -0.588
0.033 -0.809
0.034 -0.951
0.035 -1.000
0.036 -0.951
0.037 -0.809
0.038 -0.588
0.039 -0.309
0.040 0.000
0.000 0.000
0.001 0.309
0.002 0.588
0.003 0.809
0.004 0.951
0.005 1.000
0.006 0.951
0.007 0.809
0.008 0.588
0.009 0.309
0.010 0.000
0.011 -0.309
0.012 -0.588
0.013 -0.809
0.014 -0.951
0.015 -1.000
0.016 -0.951
0.017 -0.809
0.018 -0.588
0.019 -0.309
0.020 0.000
0.021 0.309
0.022 0.588
0.023 0.809
0.024 0.951
0.025 1.000
0.026 0.951
0.027 0.809
0.028 0.588
0.029 0.309
0.030 0.000
0.031 -0.309
0.032 -0.588
0.033 -0.809
0.034 -0.951
0.035 -1.000
0.036 -0.951
0.037 -0.809
0.038 -0.588
0.039 -0.309
0.040 0.000
0.000 0.000
0.001 0.309
0.002 0.588
0.003 0.809
0.004 0.951
0.005 1.000
0.006 0.951
0.007 0.809
0.008 0.588
0.009 0.309
0.010 0.000
0.011 -0.309
0.012 -0.588
0.013 -0.809
0.014 -0.951
0.015 -1.000
0.016 -0.951
0.017 -0.809
0.018 -0.588
0.019 -0.309
0.020 0.000
0.021 0.309
0.022 0.588
0.023 0.809
0.024 0.951
0.025 1.000
0.026 0.951
0.027 0.809
0.028 0.588
0.029 0.309
0.030 0.000
0.031 -0.309
0.032 -0.588
0.033 -0.809
0.034 -0.951
0.035 -1.000
0.036 -0.951
0.037 -0.809
0.038 -0.588
0.039 -0.309
0.040 0.000
0.000 0.000
0.001 0.309
0.002 0.588
0.003 0.809
0.004 0.951
0.005 1.000
0.006 0.951
0.007 0.809
0.008 0.588
0.009 0.309
0.010 0.000
0.011 -0.309
0.012 -0.588
0.013 -0.809
0.014 -0.951
0.015 -1.000
0.016 -0.951
0.017 -0.809
0.018 -0.588
0.019 -0.309
0.020 0.000
0.021 0.309
0.022 0.588
0.023 0.809
0.024 0.951
0.025 1.000
0.026 0.951
0.027 0.809
0.028 0.588
0.029 0.309
0.030 0.000
0.031 -0.309
0.032 -0.588
0.033 -0.809
0.034 -0.951
0.035 -1.000
0.036 -0.951
0.037 -0.809
0.038 -0.588
0.039 -0.309
0.040 0.000
0.000 0.000
0.001 0.309
0.002 0.588
0.003 0.809
0.004 0.951
0.005 1.000
0.006 0.951
0.007 0.809
0.008 0.588
0.009 0.309
0.010 0.000
0.011 -0.309
0.012 -0.588
0.013 -0.809
0.014 -0.951
0.015 -1.000
0.016 -0.951
0.017 -0.809
0.018 -0.588
0.019 -0.309
0.020 0.000
0.021 0.309
0.022 0.588
0.023 0.809
0.024 0.951
0.025 1.000
0.026 0.951
0.027 0.809
0.028 0.588
0.029 0.309
0.030 0.000
0.031 -0.309
0.032 -0.588
0.033 -0.809
0.034 -0.951
0.035 -1.000
0.036 -0.951
0.037 -0.809
0.038 -0.588
0.039 -0.309
0.040 0.000
0.000 0.000
0.001 0.309
0.002 0.588
0.003 0.809
0.004 0.951
0.005 1.000
0.006 0.951
0.007 0.809
0.008 0.588
0.009 0.309
0.010 0.000
0.011 -0.309
0.012 -0.588
0.013 -0.809
0.014 -0.951
0.015 -1.000
0.016 -0.951
0.017 -0.809
0.018 -0.588
0.019 -0.309
0.020 0.000
0.021 0.309
0.022 0.588
0.023 0.809
0.024 0.951
0.025 1.000
0.026 0.951
0.027 0.809
0.028 0.588
0.029 0.309
0.030 0.000
0.031 -0.309
0.032 -0.588
0.033 -0.809
0.034 -0.951
0.035 -1.000
0.036 -0.951
0.037 -0.809
0.038 -0.588
0.039 -0.309
0.040 0.000
0.000 0.000
0.001 0.309
0.002 0.588
0.003 0.809
0.004 0.951
0.005 1.000
0.006 0.951
0.007 0.809
0.008 0.588
0.009 0.309
0.010 0.000
0.011 -0.309
0.012 -0.588
0.013 -0.809
0.014 -0.951
0.015 -1.000
0.016 -0.951
0.017 -0.809
0.018 -0.588
0.019 -0.309
0.020 0.000
0.021 0.309
0.022 0.588
0.023 0.809
0.024 0.951
0.025 1.000
0.026 0.951
0.027 0.809
0.028 0.588
0.029 0.309
0.030 0.000
0.031 -0.309
0.032 -0.588
0.033 -0.809
0.034 -0.951
0.035 -1.000
0.036 -0.951
0.037 -0.809
0.038 -0.588
0.039 -0.309
0.040 0.000
0.000 0.000
0.001 0.309
0.002 0.588
0.003 0.809
0.004 0.951
0.005 1.000
0.006 0.951
0.007 0.809
0.008 0.588
0.009 0.309
0.010 0.000
0.011 -0.309
0.012 -0.588
0.013 -0.809
0.014 -0.951
0.015 -1.000
0.016 -0.951
0.017 -0.809
0.018 -0.588
0.019 -0.309
0.020 0.000
0.021 0.309
0.022 0.588
0.023 0.809
0.024 0.951
0.025 1.000
0.026 0.951
0.027 0.809
0.028 0.588
0.029 0.309
0.030 0.000
0.031 -0.309
0.032 -0.588
0.033 -0.809
0.034 -0.951
0.035 -1.000
0.036 -0.951
0.037 -0.809
0.038 -0.588
0.039 -0.309
0.040 0.000
0.000 0.000
0.001 0.309
0.002 0.588
0.003 0.809
0.004 0.951
0.005 1.000
0.006 0.951
0.007 0.809
0.008 0.588
0.009 0.309
0.010 0.000
0.011 -0.309
0.012 -0.588
0.013 -0.809
0.014 -0.951
0.015 -1.000
0.016 -0.951
0.017 -0.809
0.018 -0.588
0.019 -0.309
0.020 0.000
0.021 0.309
0.022 0.588
0.023 0.809
0.024 0.951
0.025 1.000
0.026 0.951
0.027 0.809
0.028 0.588
0.029 0.309
0.030 0.000
0.031 -0.309
0.032 -0.588
0.033 -0.809
0.034 -0.951
0.035 -1.000
0.036 -0.951
0.037 -0.809
0.038 -0.588
0.039 -0.309
0.040 0.000
0.000 0.000
0.001 0.309
0.002 0.588
0.003 0.809
0.004 0.951
0.005 1.000
0.006 0.951
0.007 0.809
0.008 0.588
0.009 0.309
0.010 0.000
0.011 -0.309
0.012 -0.588
0.013 -0.809
0.014 -0.951
0.015 -1.000
0.016 -0.951
0.017 -0.809
0.018 -0.588
0.019 -0.309
0.020 0.000
0.021 0.309
0.022 0.588
0.023 0.809
0.024 0.951
0.025 1.000
0.026 0.951
0.027 0.809
0.028 0.588
0.029 0.309
0.030 0.000
0.031 -0.309
0.032 -0.588
0.033 -0.809
0.034 -0.951
0.035 -1.000
0.036 -0.951
0.037 -0.809
0.038 -0.588
0.039 -0.309
0.040 0.0000.000 0.000
0.001 0.309
0.002 0.588
0.003 0.809
0.004 0.951
0.005 1.000
0.006 0.951
0.007 0.809
0.008 0.588
0.009 0.309
0.010 0.000
0.011 -0.309
0.012 -0.588
0.013 -0.809
0.014 -0.951
0.015 -1.000
0.016 -0.951
0.017 -0.809
0.018 -0.588
0.019 -0.309
0.020 0.000
0.021 0.309
0.022 0.588
0.023 0.809
0.024 0.951
0.025 1.000
0.026 0.951
0.027 0.809
0.028 0.588
0.029 0.309
0.030 0.000
0.031 -0.309
0.032 -0.588
0.033 -0.809
0.034 -0.951
0.035 -1.000
0.036 -0.951
0.037 -0.809
0.038 -0.588
0.039 -0.309
0.040 0.000
0.000 0.000
0.001 0.309
0.002 0.588
0.003 0.809
0.004 0.951
0.005 1.000
0.006 0.951
0.007 0.809
0.008 0.588
0.009 0.309
0.010 0.000
0.011 -0.309
0.012 -0.588
0.013 -0.809
0.014 -0.951
0.015 -1.000
0.016 -0.951
0.017 -0.809
0.018 -0.588
0.019 -0.309
0.020 0.000
0.021 0.309
0.022 0.588
0.023 0.809
0.024 0.951
0.025 1.000
0.026 0.951
0.027 0.809
0.028 0.588
0.029 0.309
0.030 0.000
0.031 -0.309
0.032 -0.588
0.033 -0.809
0.034 -0.951
0.035 -1.000
0.036 -0.951
0.037 -0.809
0.038 -0.588
0.039 -0.309
0.040 0.000
0.000 0.000
0.001 0.309
0.002 0.588
0.003 0.809
0.004 0.951
0.005 1.000
0.006 0.951
0.007 0.809
0.008 0.588
0.009 0.309
0.010 0.000
0.011 -0.309
0.012 -0.588
0.013 -0.809
0.014 -0.951
0.015 -1.000
0.016 -0.951
0.017 -0.809
0.018 -0.588
0.019 -0.309
0.020 0.000
0.021 0.309
0.022 0.588
0.023 0.809
0.024 0.951
0.025 1.000
0.026 0.951
0.027 0.809
0.028 0.588
0.029 0.309
0.030 0.000
0.031 -0.309
0.032 -0.588
0.033 -0.809
0.034 -0.951
0.035 -1.000
0.036 -0.951
0.037 -0.809
0.038 -0.588
0.039 -0.309
0.040 0.000
0.000 0.000
0.001 0.309
0.002 0.588
0.003 0.809
0.004 0.951
0.005 1.000
0.006 0.951
0.007 0.809
0.008 0.588
0.009 0.309
0.010 0.000
0.011 -0.309
0.012 -0.588
0.013 -0.809
0.014 -0.951
0.015 -1.000
0.016 -0.951
0.017 -0.809
0.018 -0.588
0.019 -0.309
0.020 0.000
0.021 0.309
0.022 0.588
0.023 0.809
0.024 0.951
0.025 1.000
0.026 0.951
0.027 0.809
0.028 0.588
0.029 0.309
0.030 0.000
0.031 -0.309
0.032 -0.588
0.033 -0.809
0.034 -0.951
0.035 -1.000
0.036 -0.951
0.037 -0.809
0.038 -0.588
0.039 -0.309
0.040 0.000
0.000 0.000
0.001 0.309
0.002 0.588
0.003 0.809
0.004 0.951
0.005 1.000
0.006 0.951
0.007 0.809
0.008 0.588
0.009 0.309
0.010 0.000
0.011 -0.309
0.012 -0.588
0.013 -0.809
0.014 -0.951
0.015 -1.000
0.016 -0.951
0.017 -0.809
0.018 -0.588
0.019 -0.309
0.020 0.000
0.021 0.309
0.022 0.588
0.023 0.809
0.024 0.951
0.025 1.000
0.026 0.951
0.027 0.809
0.028 0.588
0.029 0.309
0.030 0.000
0.031 -0.309
0.032 -0.588
0.033 -0.809
0.034 -0.951
0.035 -1.000
0.036 -0.951
0.037 -0.809
0.038 -0.588
0.039 -0.309
0.040 0.000
0.000 0.000
0.001 0.309
0.002 0.588
0.003 0.809
0.004 0.951
0.005 1.000
0.006 0.951
0.007 0.809
0.008 0.588
0.009 0.309
0.010 0.000
0.011 -0.309
0.012 -0.588
0.013 -0.809
0.014 -0.951
0.015 -1.000
0.016 -0.951
0.017 -0.809
0.018 -0.588
0.019 -0.309
0.020 0.000
0.021 0.309
0.022 0.588
0.023 0.809
0.024 0.951
0.025 1.000
0.026 0.951
0.027 0.809
0.028 0.588
0.029 0.309
0.030 0.000
0.031 -0.309
0.032 -0.588
0.033 -0.809
0.034 -0.951
0.035 -1.000
0.036 -0.951
0.037 -0.809
0.038 -0.588
0.039 -0.309
0.040 0.000
0.000 0.000
0.001 0.309
0.002 0.588
0.003 0.809
0.004 0.951
0.005 1.000
0.006 0.951
0.007 0.809
0.008 0.588
0.009 0.309
0.010 0.000
0.011 -0.309
0.012 -0.588
0.013 -0.809
0.014 -0.951
0.015 -1.000
0.016 -0.951
0.017 -0.809
0.018 -0.588
0.019 -0.309
0.020 0.000
0.021 0.309
0.022 0.588
0.023 0.809
0.024 0.951
0.025 1.000
0.026 0.951
0.027 0.809
0.028 0.588
0.029 0.309
0.030 0.000
0.031 -0.309
0.032 -0.588
0.033 -0.809
0.034 -0.951
0.035 -1.000
0.036 -0.951
0.037 -0.809
0.038 -0.588
0.039 -0.309
0.040 0.000
0.000 0.000
0.001 0.309
0.002 0.588
0.003 0.809
0.004 0.951
0.005 1.000
0.006 0.951
0.007 0.809
0.008 0.588
0.009 0.309
0.010 0.000
0.011 -0.309
0.012 -0.588
0.013 -0.809
0.014 -0.951
0.015 -1.000
0.016 -0.951
0.017 -0.809
0.018 -0.588
0.019 -0.309
0.020 0.000
0.021 0.309
0.022 0.588
0.023 0.809
0.024 0.951
1.025 1.000
1.026 0.951
2.027 0.809
1.028 0.588
3.029 0.309
0.030 0.000
0.031 -0.309
0.032 -0.588
0.033 -0.809
0.034 -0.951
0.035 -1.000
0.036 -0.951
0.037 -0.809
0.038 -0.588
0.039 -0.309
0.040 0.000
0.000 0.000
0.001 0.309
0.002 0.588
0.003 0.809
0.004 0.951
0.005 1.000
0.006 0.951
0.007 0.809
0.008 0.588
0.009 0.309
0.010 0.000
0.011 -0.309
0.012 -0.588
0.013 -0.809
0.014 -0.951
0.015 -1.000
0.016 -0.951
0.017 -0.809
0.018 -0.588
0.019 -0.309
0.020 0.000
0.021 0.309
0.022 0.588
0.023 0.809
0.024 0.951
0.025 1.000
0.026 0.951
0.027 0.809
0.028 0.588
0.029 0.309
0.030 0.000
0.031 -0.309
0.032 -0.588
0.033 -0.809
0.034 -0.951
0.035 -1.000
0.036 -0.951
0.037 -0.809
0.038 -0.588
0.039 -0.309
0.040 0.000
0.000 0.000
0.001 0.309
0.002 0.588
0.003 0.809
0.004 0.951
0.005 1.000
0.006 0.951
0.007 0.809
0.008 0.588
0.009 0.309
0.010 0.000
0.011 -0.309
0.012 -0.588
0.013 -0.809
0.014 -0.951
0.015 -1.000
0.016 -0.951
0.017 -0.809
0.018 -0.588
0.019 -0.309
0.020 0.000
0.021 0.309
0.022 0.588
0.023 0.809
0.024 0.951
0.025 1.000
0.026 0.951
0.027 0.809
0.028 0.588
0.029 0.309
0.030 0.000
0.031 -0.309
0.032 -0.588
0.033 -0.809
0.034 -0.951
0.035 -1.000
0.036 -0.951
0.037 -0.809
0.038 -0.588
0.039 -0.309
0.040 0.000
0.000 0.000
0.001 0.309
0.002 0.588
0.003 0.809
0.004 0.951
0.005 1.000
0.006 0.951
0.007 0.809
0.008 0.588
0.009 0.309
0.010 0.000
0.011 -0.309
0.012 -0.588
0.013 -0.809
0.014 -0.951
0.015 -1.000
0.016 -0.951
0.017 -0.809
0.018 -0.588
0.019 -0.309
0.020 0.000
0.021 0.309
0.022 0.588
0.023 0.809
0.024 0.951
0.025 1.000
0.026 0.951
0.027 0.809
0.028 0.588
0.029 0.309
0.030 0.000
0.031 -0.309
0.032 -0.588
0.033 -0.809
0.034 -0.951
0.035 -1.000
0.036 -0.951
0.037 -0.809
0.038 -0.588
0.039 -0.309
0.040 0.000
0.000 0.000
0.001 0.309
0.002 0.588
0.003 0.809
0.004 0.951
0.005 1.000
0.006 0.951
0.007 0.809
0.008 0.588
0.009 0.309
0.010 0.000
0.011 -0.309
0.012 -0.588
0.013 -0.809
0.014 -0.951
0.015 -1.000
0.016 -0.951
0.017 -0.809
0.018 -0.588
0.019 -0.309
0.020 0.000
0.021 0.309
0.022 0.588
0.023 0.809
0.024 0.951
0.025 1.000
0.026 0.951
0.027 0.809
0.028 0.588
0.029 0.309
0.030 0.000
0.031 -0.309
0.032 -0.588
0.033 -0.809
0.034 -0.951
0.035 -1.000
0.036 -0.951
0.037 -0.809
0.038 -0.588
0.039 -0.309
0.040 0.000